<?xml version="1.0" standalone="no"?>
<!DOCTYPE svg PUBLIC "-//W3C//DTD SVG 20010904//EN"
 "http://www.w3.org/TR/2001/REC-SVG-20010904/DTD/svg10.dtd">
<svg version="1.0" xmlns="http://www.w3.org/2000/svg"
 width="730.000000pt" height="400.000000pt" viewBox="0 0 730.000000 400.000000"
 preserveAspectRatio="xMidYMid meet">
<metadata>
Created by potrace 1.13, written by Peter Selinger 2001-2015
</metadata>
<g transform="translate(0.000000,400.000000) scale(0.100000,-0.100000)"
fill="#000000" stroke="none">
<path d="M4684 3563 c3 -16 11 -58 18 -96 12 -65 11 -68 -10 -90 l-23 -22
-557 -1 c-306 -1 -766 -6 -1022 -12 -256 -6 -673 -11 -927 -11 -463 -1 -526
-5 -719 -41 -55 -11 -242 -37 -415 -60 -489 -64 -549 -80 -634 -171 -61 -65
-106 -166 -139 -309 -37 -162 -44 -224 -58 -482 -20 -384 10 -791 78 -1058 63
-246 139 -352 285 -394 72 -21 458 -69 804 -101 154 -14 287 -28 295 -31 15
-5 509 -27 580 -25 256 5 1279 -2 1358 -10 71 -8 128 -8 185 0 45 5 258 13
473 17 440 7 439 7 431 -54 -3 -21 -14 -64 -26 -96 -31 -87 -29 -92 28 -99 27
-3 65 -1 85 4 42 12 104 79 150 164 46 87 65 94 266 97 91 1 240 -2 331 -8
283 -19 480 1 699 71 58 19 195 57 305 85 206 52 257 74 312 132 62 65 121
222 168 453 15 72 39 166 53 210 26 80 26 81 27 410 l0 330 -32 105 c-18 58
-41 159 -52 225 -21 125 -76 301 -116 370 -30 52 -59 78 -122 110 -57 28 -602
168 -717 184 -130 18 -396 23 -566 11 -91 -6 -230 -14 -310 -16 -175 -6 -190
0 -242 98 -18 34 -50 80 -70 100 -37 37 -40 38 -109 38 l-71 0 6 -27z m126
-22 c13 -10 41 -48 61 -86 33 -60 36 -71 27 -99 -24 -71 -31 -66 -102 67 -36
68 -66 129 -66 136 0 15 47 4 80 -18z m1275 -275 c39 -8 126 -24 195 -36 132
-21 365 -76 390 -91 11 -7 8 -8 -10 -5 -71 14 -401 47 -595 61 -253 18 -799
31 -840 21 -26 -7 -27 -8 -10 -26 14 -16 15 -20 4 -24 -8 -2 -142 -38 -299
-80 -157 -42 -364 -98 -460 -125 -213 -59 -404 -89 -670 -106 -52 -3 -117 -8
-145 -10 -27 -3 -102 -7 -165 -11 -63 -3 -123 -7 -133 -10 -12 -4 -28 3 -44
18 -21 19 -35 23 -91 23 -55 0 -73 -4 -98 -23 l-32 -24 -518 6 c-286 3 -546 7
-579 10 -33 3 -101 7 -151 10 -85 5 -178 15 -494 52 -69 8 -221 23 -337 34
-213 20 -213 20 -385 1 -95 -11 -192 -23 -215 -27 -24 -3 -43 -4 -43 0 0 25
71 123 112 156 23 18 84 31 328 70 175 27 276 40 375 45 50 2 181 9 293 16
183 10 225 9 211 -6 -3 -2 -54 -11 -115 -20 -118 -16 -177 -32 -169 -45 12
-20 81 -41 147 -45 40 -2 74 -9 76 -14 2 -6 8 -9 13 -5 5 3 26 -4 47 -14 45
-24 98 -39 172 -48 30 -4 60 -10 65 -14 6 -4 62 -13 125 -20 63 -7 122 -16
130 -20 8 -5 69 -11 135 -15 66 -4 147 -9 180 -11 85 -7 830 -6 955 0 201 11
305 17 350 21 25 2 105 9 178 15 72 6 144 15 158 20 15 6 48 11 75 12 27 0 49
5 49 10 0 5 4 7 9 4 16 -10 173 36 159 46 -9 6 -6 7 9 3 11 -3 74 8 140 26 65
17 143 38 173 46 30 7 62 16 70 18 8 2 35 9 60 16 25 6 52 13 60 17 8 3 44 13
80 23 115 31 140 42 135 60 -3 9 0 16 7 16 7 0 146 5 308 12 369 15 532 18
545 9 6 -4 42 -14 80 -22z m737 -190 c9 -11 17 -27 18 -34 0 -7 7 -15 15 -18
10 -4 15 -20 15 -49 0 -24 5 -47 11 -50 9 -6 27 -42 33 -70 5 -18 17 -50 27
-68 5 -9 7 -42 4 -71 -4 -40 -1 -57 10 -66 12 -10 13 -16 4 -26 -9 -11 -7 -20
5 -38 9 -14 13 -32 10 -40 -3 -8 2 -28 11 -45 12 -24 13 -36 5 -52 -9 -17 -8
-25 7 -41 17 -19 18 -44 17 -357 0 -317 -8 -427 -33 -466 -3 -5 -7 -32 -8 -60
-2 -63 -13 -116 -25 -132 -5 -7 -7 -17 -3 -23 5 -9 0 -34 -23 -100 -3 -8 -6
-19 -7 -25 0 -5 -4 -18 -8 -28 -14 -36 -20 -52 -22 -62 0 -5 -4 -17 -7 -25 -3
-8 -13 -35 -22 -60 -16 -44 -74 -110 -108 -123 -15 -5 -13 0 7 31 35 52 91
223 126 382 17 74 36 144 44 155 15 25 23 74 30 185 11 198 17 247 32 283 14
32 14 41 3 65 -8 16 -18 106 -25 232 -9 145 -17 215 -28 235 -8 17 -25 80 -37
140 -38 191 -101 393 -135 433 -14 17 -25 33 -25 36 0 11 63 -26 82 -48z
m-2527 -229 c4 -18 18 -70 32 -117 34 -115 40 -143 59 -300 18 -149 33 -633
22 -720 -4 -30 -14 -125 -23 -210 -11 -107 -27 -193 -51 -276 -18 -67 -34
-128 -34 -136 0 -8 -6 -21 -12 -30 -12 -15 -23 -15 -113 -2 -114 15 -353 30
-344 21 3 -4 61 -11 130 -16 199 -16 366 -39 484 -66 177 -41 242 -54 380 -80
72 -14 162 -31 200 -40 39 -8 100 -20 138 -26 63 -10 80 -20 57 -34 -45 -28
68 -32 380 -15 285 16 750 59 864 81 60 11 59 11 51 -1 -3 -5 -17 -10 -30 -10
-13 0 -26 -4 -29 -9 -4 -5 -39 -15 -79 -21 -39 -7 -97 -21 -127 -32 -194 -70
-459 -105 -645 -85 -49 5 -219 10 -377 10 -232 1 -288 3 -288 14 0 9 15 13 50
13 38 0 50 4 50 15 0 8 -6 15 -12 16 -40 2 -255 37 -281 45 -10 3 -30 7 -45 9
-25 3 -80 15 -242 51 -192 43 -295 63 -360 68 -19 2 -57 6 -85 9 -125 16 -583
28 -590 17 -10 -15 70 -159 113 -203 l47 -47 585 5 c322 3 597 8 613 10 32 5
37 -13 5 -19 -45 -9 -1244 -26 -1273 -18 -22 6 -38 22 -57 58 -43 78 -108 213
-108 224 0 5 -6 10 -14 10 -11 0 -9 -10 8 -43 12 -23 28 -58 36 -77 8 -19 26
-56 41 -81 15 -25 30 -56 34 -68 l7 -22 -569 0 c-312 0 -584 -1 -603 -1 -19 0
-138 3 -265 7 -223 7 -231 8 -270 33 -36 22 -38 23 -21 3 11 -11 17 -23 15
-26 -3 -2 -34 0 -69 5 -36 5 -137 14 -225 20 -88 6 -221 17 -295 25 -74 9
-173 20 -220 25 -332 37 -403 52 -456 96 -36 29 -94 109 -94 130 0 3 14 4 32
0 17 -3 113 -15 212 -26 219 -24 263 -23 991 39 127 11 262 21 300 21 108 2
199 12 184 20 -8 4 -70 3 -138 -2 -69 -5 -130 -7 -136 -4 -18 7 -73 319 -83
471 -5 72 -10 208 -11 304 -1 96 -4 177 -6 181 -3 4 0 115 6 247 8 175 18 279
38 389 l26 149 60 -1 c33 0 173 -6 310 -12 138 -7 397 -12 576 -12 l327 0 -2
-27 c0 -16 3 -116 7 -223 7 -160 11 -198 25 -214 11 -12 17 -37 18 -75 1 -31
3 -63 5 -71 3 -9 -5 -16 -19 -18 -29 -4 -48 -52 -45 -117 1 -27 2 -102 2 -167
l1 -116 31 -11 c18 -6 61 -11 95 -11 35 0 64 -3 64 -7 0 -4 -10 -17 -21 -29
-22 -23 -22 -23 -47 -4 -48 38 -72 20 -72 -56 0 -16 6 -39 14 -50 14 -19 15
-19 45 4 l31 23 30 -23 c24 -17 35 -20 48 -12 24 15 29 106 7 127 -18 19 -19
27 -3 27 6 0 20 7 30 17 16 14 18 34 18 185 0 141 -2 170 -15 174 -8 4 -15 12
-15 19 0 7 -6 15 -12 18 -10 3 -10 7 0 19 9 11 14 83 17 249 3 129 8 266 11
305 l5 71 97 7 c53 4 122 9 152 11 30 3 127 9 215 15 88 6 180 13 205 16 100
12 255 36 259 40 9 9 30 -19 36 -49z m575 -2207 c17 -50 8 -69 -71 -151 -46
-48 -63 -59 -88 -59 -25 0 -30 3 -24 14 25 43 159 236 164 236 3 0 12 -18 19
-40z"/>
<path d="M3620 2655 l0 -45 75 0 75 0 0 -40 c0 -32 7 -48 36 -80 l36 -40 82 0
c82 0 82 0 119 38 37 38 37 38 37 125 l0 87 -230 0 -230 0 0 -45z"/>
<path d="M3652 2397 c-29 -30 -32 -38 -32 -98 0 -60 2 -67 33 -97 l33 -32 166
0 166 0 31 39 c26 33 31 48 31 93 0 49 -3 57 -38 91 l-38 37 -160 0 -160 0
-32 -33z m336 -99 l-3 -33 -140 0 c-127 0 -140 2 -143 18 -9 44 0 47 148 47
l141 0 -3 -32z"/>
<path d="M2687 2413 c-4 -3 -7 -25 -7 -49 0 -30 -5 -44 -17 -48 -9 -4 -165 -6
-347 -6 l-331 2 -3 -86 -3 -86 437 0 437 0 -6 73 c-2 39 -15 102 -26 140 l-22
67 -53 0 c-29 0 -56 -3 -59 -7z"/>
<path d="M3620 2019 l0 -100 42 3 42 3 0 45 1 45 185 5 185 5 3 48 3 47 -230
0 -231 0 0 -101z"/>
<path d="M1984 2051 c-2 -2 -4 -112 -4 -243 l0 -238 80 0 80 0 0 150 c0 162 2
169 53 156 12 -3 84 -73 160 -156 l138 -150 113 0 114 0 66 70 66 70 0 98 0
97 -61 68 -61 67 -79 0 -79 0 0 -80 0 -79 58 -3 57 -3 0 -60 0 -60 -58 -3 -59
-3 -146 151 -147 152 -143 1 c-79 1 -146 0 -148 -2z"/>
<path d="M3620 1840 l0 -50 230 0 230 0 0 50 0 50 -230 0 -230 0 0 -50z"/>
<path d="M3652 1707 c-29 -30 -32 -39 -32 -96 0 -58 3 -66 34 -97 30 -30 40
-34 88 -34 30 0 58 4 64 10 5 5 8 27 6 49 l-4 40 -52 3 c-49 3 -51 4 -51 33
l0 30 143 3 142 3 0 -35 c0 -34 -1 -35 -42 -38 l-43 -3 0 -45 0 -45 49 -3 c45
-3 52 0 87 34 37 36 39 41 39 100 0 58 -2 64 -35 93 l-36 31 -162 0 -163 0
-32 -33z"/>
<path d="M3095 1558 c-3 -7 -6 -112 -7 -233 l-3 -220 27 -26 c47 -47 138 -49
188 -5 23 21 32 22 110 16 47 -3 94 -3 105 1 12 4 -23 10 -82 14 l-103 8 -2
61 c-1 33 -3 79 -4 101 -1 22 -2 97 -3 168 l-1 127 -110 0 c-80 0 -112 -4
-115 -12z"/>
<path d="M3620 1340 l0 -100 40 0 40 0 0 50 0 50 60 0 60 0 0 -46 0 -45 43 3
c42 3 42 3 42 43 0 40 0 40 42 43 l42 3 3 -48 3 -48 43 -3 42 -3 0 100 0 101
-230 0 -230 0 0 -100z"/>
<path d="M2255 1103 c-60 -2 -113 -7 -117 -11 -9 -9 778 -3 867 7 68 8 -507
11 -750 4z"/>
<path d="M2769 1005 c-3 -2 -77 -7 -165 -9 -171 -6 -262 -12 -334 -23 -25 -4
-54 -7 -65 -8 -21 -1 -46 -4 -250 -37 -151 -24 -205 -46 -205 -83 0 -46 30
-62 122 -69 224 -15 1458 -34 1465 -23 3 5 -2 27 -10 50 -9 23 -23 73 -32 111
-8 38 -20 76 -26 83 -9 10 -65 13 -254 13 -133 0 -244 -2 -246 -5z"/>
</g>
</svg>
